# file fleet_catch.in
#  RTM , RTM 2007-2017 
1e-04 13907.26716 1514.950689 289.4766236
1e-04 5171.010748 4481.842039 580.5710208
1e-04 12466.99891 314.9619282 296.5874683
1e-04 909.4165638 10936.34056 503.9453854
1e-04 880.0981135 695.7842931 5186.212096
1e-04 4482.196954 1140.352155 412.3620044
#  Dre , Dredge survey 2004-2018 
0.001 140061.8716 7077.655265
0.001 277241.2008 3288.986571
0.001 117233.026 12244.59632
0.001 402355.1549 5326.730993
0.001 35633.70382 13619.79131
0.001 474590.8694 9040.642359
0.001 49722.00339 125308.5813
0.001 77113.07477 27178.52731
0.001 136586.4187 3922.221775
0.001 80356.84956 13156.3823
