789837.1159     1845985.804     28970894.59     772468.9699     320070.1192     #     1983
10222593.15     263865.6008     3085028.65      564012.7218     2198.880007     #     1983
15374.83922     47117099.19     1701105.373     10002463.42     333196.8833     #     1984
0               9241291.37      89838.39633     566197.666      42957.66113     #     1984
5245610.703     6216842.747     31364330.78     1987155.127     211484.381      #     1985
8524055.391     1353568.595     2305207.274     1594869.325     212744.431      #     1985
0               44939660.17     7553290.885     1652185.815     30901.23095     #     1986
87141.05283     4162541.363     227967.2186     187508.8726     14004.81206     #     1986
0               4504002.031     23571737.59     1198720.835     170802.1915     #     1987
186627.7506     1938298.283     4173447.417     122748.4534     31939.6486      #     1987
1207189.293     1996963.133     8564242.914     15229288.03     2354019.121     #     1988
0               0               161558.1775     1438834.367     46948.53021     #     1988
40783.43906     62502729.85     6363622.819     1345853.489     4736504.233     #     1989
467.877323      757493.3859     77199.75829     16375.7063      57548.91073     #     1989
0               16846265.82     13916807.14     2059553.882     621956.8878     #     1990
521855.688      1256999.128     416960.0723     62063.23927     18356.73274     #     1990
0               14938621.32     6869769.822     983098.0231     338126.1383     #     1991
7343592.906     6916858.329     208518.0322     67283.4348      0               #     1991
1686.640084     50883401.37     8450910.14      845006.682      523701.746      #     1992
104412.6506     3041213.249     297653.9741     122334.225      26492.76209     #     1992
2676089.376     2180910.66      5882231.625     1638375.272     491023.6388     #     1993
1624100.52      362387.5628     271129.8673     156038.127      42948.538       #     1993
0               22172483.95     2668743.496     1195097.681     881749.1429     #     1994
0               1533193.636     125736.2979     54805.42694     78355.74796     #     1994
40690.14678     36677305.39     6236165.218     737271.4731     288654.6087     #     1995
75643.52947     3439662.761     940194.7528     108547.1554     28180.44199     #     1995
6210395.936     10402280.26     12301004.43     4526840.561     860500.2595     #     1996
6470203.736     1064330.666     1026590.606     210860.5914     65068.14921     #     1996
83062.80036     38667123.84     2331753.871     3521518.174     713371.3751     #     1997
18648.6322      8899097.351     176552.1163     164392.5245     55769.71852     #     1997
100248.7622     9387181.998     28363733.85     2164395.657     1504583.035     #     1998
211224.831      438058.414      1383553.202     136050.6793     89797.97118     #     1998
578349.3811     44620695.84     5432802.197     10158421.5      698832.8211     #     1999
440364.9709     2498273.55      205054.5407     717189.3255     148611.6108     #     1999
23450513.37     32624962.11     3355268.487     629742.9752     1076467.489     #     2000
7886804.237     2759504.125     170465.9817     84239.55486     121701.3948     #     2000
3991994.307     56780383.55     8549411.538     1098201.874     972050.2663     #     2001
47080308.41     3126865.741     473865.2707     49244.42592     98136.4928      #     2001
811757.8776     84878394.48     10772208.47     1212501.162     225121.4        #     2002
16032.8904      604815.3725     107905.465      15217.39734     5587.970505     #     2002
12510260.84     3842912.725     13302249.4      1117439.889     302389.0481     #     2003
2473516.015     386041.8513     4390070.534     140974.3923     31173.68383     #     2003
4204252.007     30653572.33     785500.8622     2364269.751     479838.8735     #     2004
565737.4979     2479119.029     109999.731      229910.9786     47092.39757     #     2004
645224.108      11105474.11     4434996.347     262670.239      434852.2398     #     2005
43821.03991     383088.1719     211420.5168     13595.75058     27445.5826      #     2005
2220275.204     33600002.86     2590431.69      816673.027      162610.56       #     2006
37198.81235     799907.1534     93858.50267     43488.19963     19492.29356     #     2006
166044.6228     10580619.96     4674235.93      315238.0971     171662.6937     #     2007
0               0               0               0               0               #     2007
407178.8466     26734810        4009085.616     1204886.649     214392.2183     #     2008
6294.866321     280588.8247     74657.98678     32806.52502     5707.17182      #     2008
4052460.565     18897985.02     14265179.55     1556247.877     392315.6104     #     2009
978566.3329     2254097.124     278061.157      11997.35992     3447.234287     #     2009
138183.5147     39950964.12     2130226.6       941994.8054     108212.1213     #     2010
9754.082875     1184297.999     35268.13436     15734.94165     2409.682708     #     2010
169980.3296     1894045.49      32691666.12     1305178.654     265601.7006     #     2011
4500.967287     38621.45889     325110.0498     13950.88424     1216.726518     #     2011
100.6881731     383090.1171     419086.2905     3353944.173     128652.9795     #     2012
5.805793921     169.0539291     115.982904      373.4030753     20.93357301     #     2012
138065.7434     18090238.48     7916362.327     2181643.618     4301115.722     #     2013
3061.558974     598299.5152     131429.1535     99528.47525     48585.18675     #     2013
6361767.518     8930004.935     3353610.218     401389.2422     359563.4397     #     2014
924940.9607     131241.8441     98187.08008     23065.19901     24526.88927     #     2014
227305.3812     25326402.11     1918219.308     579249.0329     171513.2712     #     2015
0.312265586     111.9447281     19.3067343      11.42202358     4.265959957     #     2015
394650.0802     207811.2417     1193238.199     97377.94611     16759.61775     #     2016
17.13568808     7.69188716      14.63387739     2.316832811     1.10821732      #     2016
57744.77501	    33037941.56	    3015412.922	    4603626.465	    103491.0522	    #	  2017
2513.162274     253383.0537	    39606.46435	    38166.90168	    6786.24071	    #	  2017
613131.739	    1701687.695	    14566858.77	    974652.6423     342519.4183	    #	  2018 #  	
91458.70797	    158823.9127	    797479.4972	    43213.84532	    11371.58676	    #	  2018 

