6925.891429       #       1983       1
7909.526063       #       1984       1
8440.881421       #       1985       1
6568.591085       #       1986       1
4288.202002       #       1987       1
7172.771978       #       1988       1
8239.601241       #       1989       1
8005.611191       #       1990       1
4587.124466       #       1991       1
7925.05052        #       1992       1
3494.06054        #       1993       1
2851.07878        #       1994       1
5296.007113       #       1995       1
4803.552598       #       1996       1
3995.384864       #       1997       1
6092.418493       #       1998       1
7881.308953       #       1999       1
6187.659479       #       2000       1
8047.288032       #       2001       1
7951.564815       #       2002       1
5911.855013       #       2003       1
6603.489725       #       2004       1
3292.041088       #       2005       1
3981.644634       #       2006       1
1560.145578       #       2007       1
2793.40344        #       2008       1
3375.558101       #       2009       1
2724.547871       #       2010       1
3073.627966       #       2011       1
587.4179383       #       2012       1
3696.807837       #       2013       1
2122.279344       #       2014       1
2070.666156       #       2015       1
144.96            #       2016       1
2761.7            #       2017       1 
2942           #       2018       1  # 2942.2


#       #       #       #
2065.747922       #       1983       2
2256.402541       #       1984       2
2420.919327       #       1985       2
804.529268        #       1986       2
1393.60974        #       1987       2
808.9957342       #       1988       2
312.7011829       #       1989       2
520.2662314       #       1990       2
1403.142795       #       1991       2
878.8264824       #       1992       2
397.5777869       #       1993       2
297.1612869       #       1994       2
601.3279779       #       1995       2
691.2247513       #       1996       2
1368.751533       #       1997       2
567.2826368       #       1998       2
1025.591883       #       1999       2
960.8112785       #       2000       2
2983.048167       #       2001       2
220.0302639       #       2002       2
898.940164        #       2003       2
456.7189124       #       2004       2
124.063639        #       2005       2
178.1385373       #       2006       2
0                 #       2007       2
85.02064423       #       2008       2
173.958667        #       2009       2
134.1681151       #       2010       2
93.99065514       #       2011       2
0                 #       2012       2
186.5579839       #       2013       2
82.31766729       #       2014       2
0                 #       2015       2
0                 #       2016       2
51.2              #       2017       2
322.35            #       2018       2