0.004854082     0.004861802     0.009737054     0.017176187     0.020546832     #     1983     1
0.003308787     0.00401463      0.008282636     0.013161446     0.011564855     #     1983     2
0.002877559     0.005461528     0.010107375     0.014056553     0.013416452     #     1984     1
0.003683942     0.007322076     0.012809467     0.016842455     0.015796113     #     1984     2
0.004265424     0.005077862     0.009154445     0.016399939     0.017889617     #     1985     1
0.002984102     0.005844444     0.01067463      0.012894201     0.016597471     #     1985     2
0.003403747     0.005293854     0.011706491     0.011686073     0.013557635     #     1986     1
0.002980626     0.007455941     0.012697072     0.012775213     0.01467807      #     1986     2
0.00369524      0.007152928     0.010618137     0.018498811     0.014718693     #     1987     1
0.004022635     0.007848175     0.011231441     0.020183252     0.016073772     #     1987     2
0.007586812     0.006120803     0.010378604     0.015963742     0.017757964     #     1988     1
0.003934094     0.006828869     0.012021791     0.017048142     0.02444197      #     1988     2
0.002466894     0.004983542     0.008625595     0.009055365     0.012046558     #     1989     1
0.006213808     0.009633903     0.015524725     0.01719693      0.028266297     #     1989     2
0.003832988     0.006611435     0.009629983     0.014223914     0.016991596     #     1990     1
0.005009757     0.008979617     0.013085141     0.019325759     0.023085452     #     1990     2
0.004921054     0.007798859     0.014162877     0.037802369     0.019601292     #     1991     1
0.003756426     0.006131766     0.011809993     0.031987199     0.01715777      #     1991     2
0.001877117     0.007789063     0.011871964     0.017682009     0.019032532     #     1992     1
0.004932693     0.009533313     0.015284889     0.019691861     0.021175275     #     1992     2
0.004613264     0.007334004     0.011475361     0.014417342     0.020207397     #     1993     1
0.004015165     0.007506591     0.010475084     0.013602405     0.01820073      #     1993     2
0.003784087     0.005497967     0.008651716     0.012740006     0.019808521     #     1994     1
0.004377115     0.007597873     0.012261011     0.016335205     0.018768319     #     1994     2
0.004206031     0.007610387     0.011308981     0.014064293     0.019011026     #     1995     1
0.003828783     0.006795619     0.009942142     0.014102774     0.018986484     #     1995     2
0.004160746     0.005578973     0.00838117      0.012210989     0.017732664     #     1996     1
0.002866869     0.004636242     0.007580581     0.009548446     0.014177628     #     1996     2
0.003912086     0.007250912     0.008256429     0.00992747      0.014424958     #     1997     1
0.00370051      0.008450479     0.014187551     0.015468542     0.016085223     #     1997     2
0.003994077     0.006312547     0.008893495     0.011537935     0.013478747     #     1998     1
0.00322968      0.006694533     0.009955256     0.011894402     0.014522323     #     1998     2
0.004416277     0.005338708     0.007504061     0.010330174     0.013066823     #     1999     1
0.003423301     0.005942226     0.009589222     0.012775611     0.014678527     #     1999     2
0.003220603     0.006287425     0.008725957     0.011904709     0.014478847     #     2000     1
0.003119181     0.004839754     0.007875199     0.010617173     0.012219099     #     2000     2
0.002206634     0.004520183     0.008691184     0.011528506     0.016641222     #     2001     1
0.003119494     0.005029224     0.012122397     0.016527585     0.023589265     #     2001     2
0.004505004     0.005958873     0.00743556      0.009816924     0.013815885     #     2002     1
0.003848565     0.006680407     0.010780457     0.01436268      0.016501989     #     2002     2
0.002427861     0.003644946     0.007209471     0.009495159     0.01284583      #     2003     1
0.002166204     0.002712165     0.003590607     0.008399938     0.009072269     #     2003     2
0.002745261     0.005060538     0.008291171     0.008951986     0.010370435     #     2004     1
0.003510161     0.004520285     0.006636834     0.006673073     0.00875601      #     2004     2
0.004290782     0.006501143     0.008743422     0.010317806     0.012119245     #     2005     1
0.003039219     0.005275529     0.008513345     0.011342233     0.013031649     #     2005     2
0.003091375     0.005887128     0.009672119     0.011636775     0.013006613     #     2006     1
0.003186976     0.00553201      0.008927239     0.011893659     0.013665209     #     2006     2
0.004605919     0.005554283     0.009431414     0.013463592     0.014724766     #     2007     1
0.004106172     0.0070049       0.011310566     0.015075837     0.017339983     #     2007     2
0.002732259     0.006273783     0.010851677     0.01328726      0.015787654     #     2008     1
0.004495924     0.007804105     0.012593816     0.016778597     0.019277755     #     2008     2
0.004588887     0.006170481     0.009406817     0.012102262     0.013219469     #     2009     1
0.002823017     0.004900242     0.007907729     0.010535377     0.012104612     #     2009     2
0.002782692     0.006299658     0.012372723     0.01388267      0.017179662     #     2010     1
0.003374981     0.005858352     0.009453872     0.012595285     0.014471342     #     2010     2
0.004798679     0.00529715      0.008730276     0.012692042     0.014774762     #     2011     1
0.002799656     0.004859692     0.007842292     0.010448196     0.012004446     #     2011     2
0.000780664     0.006393957     0.009501648     0.011273986     0.014497245     #     2012     1
0.003788793     0.006576653     0.010613024     0.014139611     0.016245694     #     2012     2
0.004506429     0.004680591     0.006508861     0.010072824     0.011321659     #     2013     1
0.003764035     0.006533678     0.010543674     0.014047216     0.016139537     #     2013     2
0.003128483     0.004731098     0.007056478     0.009480508     0.011723313     #     2014     1
0.003023704     0.005248599     0.008469887     0.011284335     0.012965126     #     2014     2
0.00611384      0.005483847     0.008317897     0.010594102     0.014000032     #     2015     1
0.004023228     0.006863402     0.011082095     0.014771307     0.016989718     #     2015     2
0.001649383     0.005191957     0.010116001     0.012498122     0.014655684     #     2016     1
0.003150422     0.005401346     0.008691153     0.011571552     0.013309405     #     2016     2
0.002657623     0.005285059     0.007100924     0.00922437      0.010660069     #      2017      1
0.002889727     0.005956145     0.008213465     0.010509472     0.012414124     #      2017      2
0.003861649     0.004695054     0.007045628     0.009489097     0.011513886     #      2018      1
0.002405697     0.004125598     0.0066163       0.008784655     0.010091253     #      2018      2



0.003482196      0.005077403      0.007927386      0.01025724      0.012510597      #      5-year average
0.003098556      0.005519018      0.00861458      0.011384264      0.013153925      #      5-year average

0.003482196      0.005077403      0.007927386      0.01025724      0.012510597      #      5-year average
0.003098556      0.005519018      0.00861458      0.011384264      0.013153925      #      5-year average

